int8_t product_padded[256] = {
    0, 0, 0, 0, 0, 0, 0, 0, 0, 0, 0, 0, 0, 0, 0, 0,
    0, 32, 64, 96, 128, 160, 192, 224, 256, 288, 320, 352, 384, 416, 448, 480,
    0, 64, 128, 192, 256, 320, 384, 448, 512, 576, 640, 704, 768, 832, 896, 960,
    0, 96, 192, 288, 384, 480, 576, 672, 768, 864, 960, 1056, 1152, 1248, 1344, 1440,
    0, 128, 256, 384, 512, 640, 768, 896, 1024, 1152, 1280, 1408, 1536, 1664, 1792, 1920,
    0, 160, 320, 480, 640, 800, 960, 1120, 1280, 1440, 1600, 1760, 1920, 2080, 2240, 2400,
    0, 192, 384, 576, 768, 960, 1152, 1344, 1536, 1728, 1920, 2112, 2304, 2496, 2688, 2880,
    0, 224, 448, 672, 896, 1120, 1344, 1568, 1792, 2016, 2240, 2464, 2688, 2912, 3136, 3360,
    0, 256, 512, 768, 1024, 1280, 1536, 1792, 2048, 2304, 2560, 2816, 3072, 3328, 3584, 3840,
    0, 288, 576, 864, 1152, 1440, 1728, 2016, 2304, 2592, 2880, 3168, 3456, 3744, 4032, 4320,
    0, 320, 640, 960, 1280, 1600, 1920, 2240, 2560, 2880, 3200, 3520, 3840, 4160, 4480, 4800,
    0, 352, 704, 1056, 1408, 1760, 2112, 2464, 2816, 3168, 3520, 3872, 4224, 4576, 4928, 5280,
    0, 384, 768, 1152, 1536, 1920, 2304, 2688, 3072, 3456, 3840, 4224, 4608, 4992, 5376, 5760,
    0, 416, 832, 1248, 1664, 2080, 2496, 2912, 3328, 3744, 4160, 4576, 4992, 5408, 5824, 6240,
    0, 448, 896, 1344, 1792, 2240, 2688, 3136, 3584, 4032, 4480, 4928, 5376, 5824, 6272, 6720,
    0, 480, 960, 1440, 1920, 2400, 2880, 3360, 3840, 4320, 4800, 5280, 5760, 6240, 6720, 7200
};
